190
314
430
526
158
162
72
488
316
1405
221
382
956
214
84
346
284
408
1243
451
417
488
125
122
289
188
54
132
1333
197
1010
831
379
692
282
93
146
1236
254
251
94
126
833
930
574
486
303
88
112
360
433
95
59
701
376
587
243
2101
1475
1467
1162
1124
778
741
546
484
163
177
290
215
140
662
451
491
471
450
200
190
353
477
516
68
559
550
486
401
341
198
724
544
460
344
235
390
347
166
725
514
802
558
696
540
387
194
1025
549
294
1158
583
1496
818
532
541
1224
619
461
504
415
335
388
243
183
285
434
404
104
1148
63
579
530
72
433
72
194
104
112
309
166
254
163
456
418
146
73
193
566
497
340
330
305
497
147
513
453
479
53
78
64
2204
2023
540
274
232
1511
716
438
232
1667
647
527
311
218
105
318
1557
1238
504
125
2205
2510
928
968
1926
1135
131
75
109
168
398
752
303
123
1419
546
750
572
447
201
1116
641
691
578
390
285
129
254
491
229
116
1109
568
466
537
118
111
62
222
763
379
209
165
125
902
574
142
1019
750
536
506
384
173
96
241
236
308
290
260
302
202
142
245
178
189
174
123
588
791
211
181
1091
209
167
85
565
478
542
176
256
169
126
229
160
98
148
258
195
136
154
181
178
138
495
164
108
177
1056
227
166
1665
654
187
106
157
174
153
160
99
85
1006
313
249
176
474
93
141
105
178
186
890
258
181
181
171
125
176
131
170
228
170
113
72
573
493
328
168
138
349
172
817
161
715
370
344
461
275
249
436
122
102
85
590
296
985
668
659
85
947
778
516
141
410
278
262
153
590
571
189
329
478
171
270
195
106
1347
960
358
106
248
1171
477
360
178
184
117
1053
526
506
623
105
835
340
181
141
556
185
141
115
128
436
237
119
1110
304
914
338
120
171
1212
981
852
846
307
279
88
504
85
209
257
248
210
88
75
150
98
299
180
510
610
139
240
267
157
161
302
408
456
280
195
395
338
229
650
190
526
489
1904
495
1286
385
601
440
212
167
197
106
312
1051
444
379
357
356
290
2645
1513
501
244
145
273
227
145
752
229
91
492
715
1619
775
248
258
1039
603
234
232
1493
904
99
1855
190
907
527
495
450
121
123
598
242
539
334
71
110
429
312
279
213
1097
88
1685
1198
654
75
350
337
150
228
2160
1760
1190
547
448
1164
213
1231
819
580
598
539
260
113
54
1129
1239
824
437
435
302
273
203
713
518
456
387
65
370
729
508
487
307
163
236
56
453
128
871
487
439
495
414
119
748
473
72
789
314
332
192
467
322
491
74
489
203
490
371
366
471
2050
483
468
273
181
161
82
137
574
250
331
1892
864
84
1173
872
338
275
592
136
58
547
192
239
152
136
634
216
52
1469
210
113
375
221
179
761
338
1392
119
233
254
254
1003
352
118
1412
89
219
716
442
622
952
564
791
201
225
287
152
1909
1812
105
452
395
334
841
1930
111
339
123
105
456
912
231
244
1279
319
739
554
282
187
1972
562
258
1389
127
1250
1026
400
327
339
94
520
431
2899
978
561
323
1409
549
1159
174
797
205
390
1211
99
1532
266
487
958
1738
1192
377
299
829
247
1358
334
277
734
410
179
86
888
213
273
350
491
118
1169
283
328
624
386
332
958
613
495
506
298
283
64
669
165
1004
490
146
164
240
145
123
77
58
109
249
822
129
912
235
524
221
461
338
1744
181
530
482
404
188
516
276
105
519
425
121
97
152
166
101
511
842
73
263
256
131
208
505
1797
1710
1615
115
211
170
218
453
627
1887
626
596
245
79
316
536
425
907
205
129
1739
420
1672
1626
998
822
522
458
1820
360
703
245
124
64
160
262
1499
185
626
483
454
1319
1176
682
381
237
227
239
612
476
162
351
408
955
792
610
1486
856
292
617
213
156
1555
221
262
685
105
394
256
185
675
1030
550
1005
77
73
1735
524
539
335
180
207
232
168
637
402
307
314
217
680
109
222
1037
687
199
119
168
540
100
1573
739
96
218
146
888
896
154
1006
382
1619
671
393
269
235
616
169
1562
249
341
195
1564
538
283
313
143
142
509
1573
683
374
894
139
460
854
320
1357
1289
396
1743
301
280
385
261
72
719
1060
590
1202
235
479
447
378
436
646
325
838
861
379
869
974
857
496
703
474
835
407
130
388
420
88
681
255
327
99
972
566
630
548
402
515
595
405
443
269
225
146
122
572
415
369
115
679
437
468
374
134
104
420
359
230
323
456
178
124
292
227
164
76
197
128
302
390
235
99
529
321
977
275
231
382
607
467
164
77
73
909
216
550
78
92
387
455
306
83
236
448
92
445
77
557
822
197
678
103
739
723
111
822
269
1086
790
415
437
158
361
950
360
190
395
230
179
152
606
403
166
48
148
385
349
285
2559
252
2608
356
1178
348
227
439
398
188
441
62
204
135
567
612
237
304
1116
658
464
427
269
241
249
156
785
173
732
416
620
144
242
1209
203
330
347
569
451
274
90
445
294
531
217
167
83
445
163
402
721
687
62
797
335
357
378
255
889
378
239
334
311
250
999
979
806
250
164
75
65
349
189
144
738
596
437
407
179
410
175
269
994
1026
933
240
71
193
138
635
310
539
246
210
942
511
238
191
198
88
182
442
242
520
197
220
825
801
538
461
463
215
169
465
379
431
622
402
237
110
172
582
413
249
583
243
240
725
430
344
1631
222
545
272
319
371
231
421
1001
549
45
124
1173
734
680
588
135
447
92
139
165
797
472
332
390
555
259
64
791
427
861
696
1737
1687
1295
931
801
553
260
1135
346
133
798
369
195
535
393
88
822
811
169
229
373
83
326
121
177
440
84
2898
689
305
310
321
130
99
585
178
148
573
155
176
104
849
1036
907
599
367
562
162
127
862
575
229
181
139
1099
1027
973
345
339
297
199
178
84
69
253
777
598
356
394
656
356
251
69
80
432
452
93
455
57
156
490
188
1467
611
523
647
640
161
241
383
351
354
278
595
833
903
432
95
683
730
650
219
258
173
858
60
223
337
228
1059
102
1054
696
536
491
381
322
130
652
294
732
142
219
342
152
158
1567
1053
338
84
843
186
635
160
761
283
476
2977
923
779
371
246
621
416
410
1483
793
338
546
72
461
798
331
100
966
636
337
211
217
86
427
168
558
533
192
708
1116
102
251
365
87
416
176
267
842
297
759
538
506
253
69
495
155
1716
735
109
284
177
115
1367
1280
912
396
1551
810
791
918
57
395
985
100
742
754
289
780
292
165
881
263
268
99
67
64
1112
938
560
386
319
397
74
394
46
483
185
213
85
1023
333
1297
811
271
367
315
133
273
198
1154
561
417
305
270
288
358
458
1807
757
615
155
103
79
1034
430
154
88
713
412
587
633
968
425
156
658
188
211
144
668
275
186
1110
264
892
137
140
85
94
752
259
1906
1021
1408
478
132
544
368
464
135
1491
779
176
915
344
321
207
511
213
106
581
710
543
167
1342
399
394
129
1244
1249
968
800
523
224
189
190
1572
427
248
290
1324
271
343
444
198
197
470
74
788
528
636
153
673
737
619
186
1176
728
744
381
212
501
543
46
140
117
780
529
326
1032
988
648
394
263
267
1047
478
156
112
266
245
3788
1418
965
373
221
238
220
153
1181
749
163
1149
94
458
149
611
273
188
1127
180
94
889
320
777
111
504
321
920
934
693
338
620
1795
380
267
765
265
659
604
402
316
219
185
334
491
707
181
1494
1082
135
861
79
395
900
350
310
226
248
351
797
571
612
308
956
777
444
2281
1311
1875
412
404
161
750
248
187
58
235
114
126
717
339
849
438
482
585
226
395
454
132
328
1005
301
398
1172
948
879
844
381
289
133
548
302
890
2396
769
1075
968
613
249
1869
114
912
1584
230
603
583
310
560
230
520
780
2128
147
96
1052
1910
342
749
1586
361
139
225
285
462
120
108
566
693
1173
854
1201
414
284
274
522
254
1430
850
189
95
1561
828
887
1914
813
285
618
107
111
223
403
204
257
230
914
1162
178
1498
188
125
311
330
129
146
152
196
508
410
175
703
231
330
411
175
187
248
502
46
422
159
1630
640
783
79
1525
782
554
335
81
942
518
576
183
700
595
314
83
365
97
497
785
47
88
519
285
1264
859
776
1442
543
284
78
151
1221
798
601
132
133
1249
683
1133
127
726
551
772
458
398
1321
471
1286
419
272
149
733
651
735
131
131
1322
375
1186
1175
1053
757
645
126
343
458
136
188
1307
387
258
201
1049
705
495
1118
288
1200
503
640
141
606
497
453
83
108
737
708
539
438
97
1025
539
325
315
1064
459
155
340
133
781
781
320
212
188
756
714
119
366
198
627
135
127
1188
904
509
333
149
143
967
812
543
315
70
474
107
242
232
333
645
199
153
408
314
149
272
76
449
1015
516
93
86
629
376
384
140
52
174
560
77
68
483
119
709
631
90
293
52
157
439
191
568
333
119
52
537
121
135
196
193
90
63
732
318
297
298
425
307
133
84
615
598
664
405
420
358
339
95
117
68
437
196
129
334
774
315
198
282
260
136
354
204
72
44
327
239
216
289
383
113
122
292
317
159
143
151
133
386
311
300
327
409
231
98
90
292
75
190
101
94
142
91
74
214
170
183
197
140
89
142
125
231
88
164
469
533
296
507
276
520
353
135
188
140
278
294
170
142
119
104
267
133
379
313
221
382
182
430
338
265
656
165
147
1323
1016
295
239
258
812
430
670
176
242
255
246
679
149
293
220
118
937
1268
291
1458
446
75
958
331
1764
1287
933
786
1232
375
91
104
321
567
866
260
255
393
281
694
101
173
168
290
408
1058
456
459
332
91
333
692
256
455
3539
113
185
260
141
148
106
284
285
443
667
390
706
171
312
123
222
587
185
168
403
193
427
416
2245
998
546
538
420
184
954
327
139
735
134
242
976
164
1395
576
1259
701
590
610
502
1062
801
1182
239
342
112
212
292
347
1809
345
255
391
764
834
725
860
80
87
813
261
86
959
250
208
560
194
65
242
1664
1053
280
243
270
239
220
216
281
80
618
95
198
211
111
113
423
143
558
301
211
205
314
793
703
463
223
65
91
223
1231
598
349
837
1154
100
63
1121
180
1523
214
178
123
2815
638
1288
487
587
462
259
657
221
309
1900
887
854
828
356
336
708
222
88
316
1649
369
986
116
67
311
1659
945
690
172
1505
1658
482
372
760
302
2399
84
82
1729
1513
843
1180
186
131
108
1303
1266
85
615
429
392
360
621
307
189
899
303
136
106
1402
229
268
196
155
418
1482
1580
853
503
215
271
1036
734
101
184
237
445
116
1023
189
1026
455
119
140
315
123
365
505
2834
2727
2649
133
309
119
386
304
133
285
266
1685
105
579
682
100
1916
792
368
1190
1105
999
397
52
805
382
493
474
393
141
219
448
384
364
145
152
140
1286
454
780
702
207
187
596
136
512
169
856
709
271
138
510
392
240
1488
1349
326
146
448
327
178
422
188
310
457
263
410
265
421
411
210
108
88
651
648
1643
208
610
285
85
636
890
489
97
92
578
371
380
213
1051
1180
102
1540
1370
1100
713
146
625
380
1224
151
1149
854
395
125
104
730
236
228
332
353
246
222
1912
69
148
1059
410
938
771
864
424
1161
954
187
740
1011
762
408
178
236
147
714
403
137
793
1613
641
72
255
92
1737
1359
315
200
137
125
193
238
173
252
106
435
232
179
744
589
231
63
113
929
250
198
180
182
485
97
885
785
234
828
628
269
510
227
264
256
56
1300
1309
678
480
481
1109
2378
1516
636
298
104
187
259
1288
301
352
771
203
205
219
225
763
810
323
698
384
637
219
191
1135
225
311
214
355
949
834
695
487
268
190
744
372
732
1467
1325
566
617
265
375
1278
915
182
202
505
204
245
174
442
228
1061
739
793
249
300
373
221
757
568
1357
670
364
208
187
976
422
76
524
584
2169
2079
1805
260
271
431
344
229
287
185
701
448
454
765
382
338
128
937
589
415
150
178
263
221
100
344
611
1136
1114
901
665
343
321
197
305
370
82
203
113
904
842
682
473
133
263
644
451
138
99
972
602
219
74
110
99
215
397
412
281
336
562
491
321
1386
513
396
135
104
600
408
570
325
2334
911
681
696
398
350
280
421
364
1441
408
738
542
2066
664
87
1285
1318
301
142
529
951
793
222
126
344
430
144
121
277
115
1372
654
184
244
199
144
245
208
326
960
177
105
248
319
251
173
113
145
992
325
2178
132
610
274
127
1967
337
448
679
164
318
175
155
287
193
1161
827
695
415
1177
504
114
190
179
172
238
422
314
90
733
87
917
245
99
184
130
2065
1300
158
348
148
144
1059
832
904
828
628
355
1959
661
419
329
110
745
197
146
884
206
158
1133
175
575
141
103
151
177
974
181
1013
101
2516
462
295
287
341
1151
1144
280
67
461
85
128
1717
399
1188
65
1406
166
1221
909
692
46
472
200
527
166
989
1414
236
146
459
358
271
376
440
432
280
878
53
132
580
106
734
100
334
588
568
184
987
237
223
71
371
658
744
319
492
170
184
480
431
198
161
266
110
485
217
422
218
472
485
364
137
617
645
774
117
1179
764
750
1016
408
907
211
220
97
100
348
308
1418
96
87
944
936
510
1570
483
761
627
162
272
274
184
775
710
796
742
577
287
1145
284
144
1195
684
166
97
229
113
1229
901
790
232
265
394
415
336
230
123
580
519
296
109
129
884
1027
928
87
183
117
696
204
961
773
198
50
660
123
662
397
135
401
152
68
193
1320
541
248
152
326
362
403
226
290
175
372
627
571
274
265
64
985
444
250
419
409
112
172
198
368
441
523
90
310
111
362
352
346
308
493
187
435
387
264
234
132
101
286
268
430
164
162
166
58
190
148
100
113
99
1014
373
800
426
194
81
390
288
219
267
1418
1600
1826
831
291
124
118
2003
469
1143
224
303
109
427
194
513
332
275
263
94
502
524
112
80
246
251
82
310
758
328
206
88
1284
186
175
378
156
701
256
597
447
416
664
365
688
146
555
331
488
536
361
298
381
632
709
402
382
600
456
540
318
205
194
370
227
624
400
268
183
203
218
217
230
313
116
570
64
160
200
268
108
102
70
200
174
96
79
633
394
145
257
332
407
185
189
386
402
1023
842
682
672
481
455
393
1223
297
880
1373
1317
515
705
794
786
887
736
178
1205
568
229
559
422
940
1096
370
95
172
318
174
131
228
364
137
2950
677
238
580
292
1751
1126
532
232
219
366
1242
790
344
704
229
243
412
110
485
64
1000
1308
122
192
135
282
513
158
1192
544
224
718
115
831
346
1032
482
576
673
934
385
97
340
211
600
256
150
187
1158
447
250
994
183
109
835
457
400
97
116
797
212
199
210
667
147
82
500
202
158
188
737
312
342
625
372
63
152
112
403
205
250
228
198
191
116
571
325
344
165
155
781
313
237
167
173
446
339
292
159
326
608
422
176
284
864
369
290
285
279
126
162
125
1261
1029
799
704
418
249
406
188
366
351
346
686
669
458
310
312
142
281
371
247
695
193
328
82
131
1034
246
182
96
392
339
288
475
444
100
269
199
66
344
678
134
323
485
285
156
393
90
514
346
205
122
917
503
96
706
267
426
462
158
162
717
540
132
1365
262
206
219
222
163
62
58
712
119
775
250
1403
445
199
564
544
413
207
205
144
415
815
222
222
518
329
312
51
174
204
381
78
250
1039
359
127
508
130
304
264
208
408
460
498
166
1415
425
197
197
158
708
86
51
162
100
274
320
229
358
162
738
516
338
321
157
99
401
233
146
485
106
247
528
381
283
224
386
235
92
696
674
444
327
261
337
303
1080
584
184
511
207
126
50
53
334
220
539
711
287
687
660
292
101
255
442
430
258
123
106
93
85
881
321
252
228
223
95
108
83
81
683
188
251
790
323
307
296
142
98
60
1524
568
332
112
263
286
366
197
243
120
737
734
334
590
236
123
212
139
940
597
242
125
590
515
439
186
151
49
108
290
255
220
83
305
222
167
130
62
682
1215
513
243
212
728
461
372
269
263
113
114
389
301
75
363
813
287
454
136
49
676
404
184
197
241
227
206
272
183
553
568
338
156
497
273
92
119
243
350
298
154
630
62
75
215
111
484
431
513
95
703
340
156
559
210
546
936
185
108
869
513
339
97
1017
309
246
221
56
100
131
193
352
113
949
118
110
70
228
169
740
274
261
348
216
226
660
56
85
228
97
166
77
58
126
576
58
803
242
314
108
89
163
241
243
410
150
387
85
1569
564
126
271
372
501
219
114
72
1412
787
688
277
460
243
475
246
190
240
486
207
333
187
233
75
118
438
143
897
912
546
142
762
183
315
66
424
460
313
283
215
611
280
408
303
87
188
125
176
586
386
325
101
260
94
360
178
108
101
305
213
233
177
261
106
279
211
112
66
