434
3580
662
1232
2534
994
1227
1176
1659
461
2203
2998
411
378
1015
1601
2202
409
966
2625
2412
1137
3439
1374
2408
1469
1514
2655
334
657
3165
494
958
351
1286
410
388
5321
3004
1455
4177
269
373
739
2138
4062
1002
1495
463
819
2164
1206
597
641
1386
279
1390
666
598
761
224
672
328
438
1091
537
1508
1011
300
556
512
525
1055
2235
394
1971
12646
3585
1843
3844
1222
1630
1339
2428
4807
3281
1662
2068
616
1015
3490
3482
2073
1382
1256
3118
2742
3463
4880
7976
1188
3039
2000
647
368
1309
437
3129
1063
1079
378
3156
1499
215
3713
2228
1618
406
1473
647
930
373
1404
258
292
406
972
450
414
868
365
2313
451
310
655
633
2327
1019
335
314
1286
3170
522
458
311
368
8793
1096
1414
6163
7132
654
6382
9878
4592
3146
513
438
1924
2112
1061
1778
506
1582
637
5187
1228
4801
876
803
928
536
4542
1191
4015
856
2302
864
856
1458
601
2277
1167
646
4030
1296
298
2251
958
1173
333
737
411
1483
658
6718
672
285
679
4155
5218
873
321
300
1486
410
777
878
385
417
651
577
3629
1037
2232
2995
3003
480
3502
1245
1298
588
501
2664
1140
1616
1183
703
3152
5734
464
911
732
968
3120
1494
798
419
251
619
2249
565
1652
1083
1428
1140
736
533
2513
3319
1596
1128
4046
2802
2184
527
1092
431
1103
600
466
314
339
264
1286
1157
2038
4872
5101
1808
1650
3284
2787
1141
400
1293
776
2309
381
626
954
464
4400
609
1003
656
1241
814
3837
3582
2079
2552
1288
1981
1725
325
575
594
1101
1105
654
727
376
431
1009
249
299
658
517
457
468
570
2320
835
1205
1453
982
2379
411
921
674
5441
643
2099
1083
532
1163
2555
642
2532
2743
906
2414
392
644
502
342
1208
292
501
587
1126
1323
531
1297
1151
847
545
519
501
1165
2946
691
785
1770
750
602
521
1431
1165
1520
938
2399
1601
1950
1831
4777
3348
320
1819
495
462
831
476
316
1003
3335
836
2463
1699
344
1250
7809
962
474
4168
2459
989
3047
4892
522
516
910
1249
972
1328
450
1100
3447
2483
206
4851
1501
1525
372
1412
812
871
4000
1774
395
1247
748
273
308
417
1323
4502
1668
977
452
2039
1510
333
654
309
539
1040
819
525
217
906
496
614
330
557
1129
476
893
848
616
5084
863
6333
999
471
761
1491
2181
907
8925
1534
2733
777
357
507
366
4399
3502
3829
4990
824
952
591
226
3546
242
387
203
1082
771
1668
2565
792
329
372
648
848
727
531
878
314
2876
3804
2995
2285
632
2339
335
2054
687
2628
1314
1089
526
2748
1599
1019
4625
2347
1569
515
484
442
1764
418
449
509
1188
830
267
237
637
599
583
763
801
548
1228
806
2130
861
463
4876
355
3198
1104
567
3213
1093
1748
1169
346
904
610
873
720
1660
343
1071
923
869
259
652
539
340
832
2148
683
386
5901
278
793
1371
1008
531
2356
2969
877
1102
1084
917
960
1036
3121
1834
4137
469
907
4192
1851
2646
2261
990
1532
430
7827
1047
1020
2098
3016
5311
519
521
966
968
1298
1712
1400
3350
2168
3953
1522
1589
828
701
4420
445
2829
360
2758
754
696
474
675
1105
5203
1987
1260
376
385
4476
6992
1301
1688
2912
1297
1504
534
2278
2165
3196
373
583
2275
7200
1034
1200
804
1074
436
982
1937
1410
9377
514
804
521
463
750
890
3345
899
1824
913
1203
2865
668
4669
1426
1031
1140
1941
3937
208
1558
318
300
429
1902
3752
1441
4393
2314
244
559
2113
7080
3009
1205
393
349
337
1250
2627
229
1725
507
562
2395
589
792
579
1158
1506
2120
355
1134
701
317
763
237
1011
408
285
2206
1446
3257
517
1226
2275
1592
887
476
583
3622
1185
515
672
381
1583
418
278
409
309
699
1865
591
638
1760
364
395
529
1172
402
296
405
444
473
510
1554
506
410
797
575
919
530
304
303
539
471
481
290
441
275
1577
1446
2708
660
608
569
409
571
5389
1074
2289
959
450
1355
3228
391
1826
576
507
1004
1203
1593
3735
883
569
1174
3808
506
622
712
1560
370
616
488
4442
550
611
2541
2641
792
352
1511
901
2351
419
567
739
2034
2041
9091
1583
632
5982
788
2488
5642
789
1367
4177
3025
488
503
912
4392
7397
1724
4043
969
2555
227
1295
352
447
972
1011
4056
800
1579
1732
1656
5812
302
2519
1167
778
753
2810
1519
1678
806
1815
804
338
520
778
632
557
2023
1902
1544
5257
1085
977
735
3825
1994
718
1583
757
531
1304
2452
424
6048
1652
392
815
486
199
256
4141
681
985
605
2394
1623
519
1498
1921
2730
472
1454
1168
372
515
1318
836
396
396
4823
1783
492
348
4448
2672
1515
448
458
1095
422
4471
1503
3638
393
282
305
410
1175
1102
1735
1203
430
2577
671
2769
1524
1779
514
493
1057
1378
687
608
484
375
3273
570
1414
824
1443
745
580
381
2826
461
3794
1777
870
474
3183
277
653
598
793
3979
330
250
478
509
3655
365
611
2436
4692
599
1678
1208
1085
839
1737
535
4028
1497
608
1056
959
543
977
578
1305
2630
3421
1438
5773
1004
302
587
525
1230
3398
419
4562
1502
4253
1258
486
381
1094
973
1321
1522
446
1064
1703
1438
5253
1906
1101
381
663
958
3291
1153
3317
6577
4168
1297
1163
473
1685
1306
1368
711
228
467
552
1620
301
2425
900
1884
915
373
2794
1460
711
637
680
2009
978
1571
1316
2399
249
2349
347
1038
797
513
1203
300
435
2508
296
538
279
4154
5725
2590
302
2701
5595
502
1569
264
1815
415
1883
2232
655
1645
1092
2215
1830
1457
269
2169
3097
1515
550
2301
617
1949
1215
1005
545
710
970
930
1133
988
716
318
381
600
755
347
662
463
504
255
289
731
329
947
294
1118
437
1432
604
2249
724
395
1791
298
255
553
994
1076
389
695
1338
2870
510
1280
298
196
767
973
2250
966
987
1886
1321
824
1095
526
1161
799
801
3671
1615
750
361
1557
1581
444
2263
587
2027
1415
1488
908
1807
701
2469
714
1646
1130
375
509
1166
1177
643
969
618
3252
167
2852
1532
1236
2007
908
1701
1133
4932
2995
5525
505
1284
1913
1633
290
1046
1085
576
181
1320
3632
2049
584
924
3331
4028
496
947
2352
349
504
345
895
3234
481
729
7967
2722
1060
396
1986
621
544
1359
2375
430
989
1367
1679
261
645
3705
933
1878
620
882
359
1287
1190
1074
405
2571
816
678
750
515
1259
844
504
1267
856
2696
7316
923
1215
489
874
6389
5421
860
1106
2361
4160
536
542
1240
2045
694
524
469
279
1718
223
1025
3235
375
1552
260
699
2033
715
213
517
1101
937
977
770
3083
943
358
391
494
1416
670
401
2160
3143
7987
2072
995
973
877
963
406
706
808
2699
830
3455
1222
1471
3653
3826
2517
1230
569
492
581
1454
1208
1678
353
4000
984
891
2277
992
1246
1102
349
404
416
968
235
360
2526
2356
1392
1322
1156
412
1042
2464
4717
469
1055
3683
1642
3720
375
3495
1380
563
733
355
436
476
713
1049
1121
2203
2350
332
1061
694
1646
2163
1130
4618
841
569
1194
345
2260
1570
404
354
1150
1009
1541
2060
957
4203
1225
1481
5167
846
536
712
697
917
1001
2391
795
5574
1128
2505
176
3345
530
487
3032
1684
2154
592
3129
367
847
341
2199
2209
2008
1886
1400
348
1096
1117
1743
1403
839
408
1793
557
565
2546
791
1030
1191
1806
705
1181
132
3528
530
353
1249
554
1201
674
429
2391
1068
2817
3024
640
322
509
236
674
5355
1491
681
362
379
2929
3005
689
471
617
1957
1470
1745
2187
187
1685
2771
3496
1521
8370
1198
350
2871
1366
2023
758
353
2979
2445
2380
1125
876
590
605
413
1214
1346
297
438
373
977
588
1501
1117
9756
1387
1539
545
660
1977
1857
880
5682
1197
2959
830
6662
634
2562
1822
2054
736
485
611
281
637
2593
1765
604
1941
430
348
2174
2082
3003
3062
3792
2563
1364
381
361
2302
505
327
1216
983
1851
867
425
807
490
2394
2261
368
1934
2005
2937
874
1999
680
513
1376
2554
4630
1252
3955
1908
2020
2176
1562
539
495
1180
1361
5097
1710
1863
1996
1223
3122
281
5953
701
1969
8432
2247
1892
1387
1501
3121
1660
1996
932
1299
734
1370
2212
6637
2992
777
631
1443
1212
730
3359
6593
1762
5058
1473
760
1780
1034
925
746
3635
2816
880
4513
1176
4349
2856
1924
2074
250
6217
4973
2218
6127
390
4017
252
831
3378
3124
1460
385
7721
1688
2717
2745
1972
1182
2137
1479
1021
592
1558
446
869
332
2519
4592
1589
2902
883
763
3240
1100
1882
3420
2322
1487
1238
5238
1458
1458
1982
2456
1142
1161
2335
2101
4967
2296
1666
1328
2470
868
2356
1139
2262
332
1614
772
1023
5245
2995
1731
1675
1040
463
842
3973
2231
695
5640
2511
2062
4676
2809
1102
815
4886
2306
1601
796
3025
1169
5155
2662
253
1910
497
1133
686
478
1024
742
1542
542
1198
3513
940
552
3542
2304
1210
439
940
411
1915
1575
3074
5896
508
1960
1701
453
2635
4704
918
1808
881
721
755
5029
1495
907
566
361
858
893
1090
354
214
1624
817
641
2719
1620
1265
681
852
778
310
982
233
215
301
392
1778
773
1582
421
1950
872
1364
7013
2145
2706
1211
341
1051
789
990
2148
1152
1746
555
703
289
1739
356
432
735
747
234
2435
399
255
1724
1796
454
357
544
335
2488
410
2327
306
12434
469
441
1434
3458
389
543
1926
552
399
351
4343
358
766
2002
2376
456
722
1752
994
4241
573
1177
1240
1931
1012
1773
1909
1527
573
1189
516
386
2661
6312
325
4303
1941
510
1548
2939
1890
908
1055
300
2403
1110
213
429
634
481
872
1156
676
1155
4153
703
1535
2394
1132
440
291
743
1519
3450
2201
1663
546
440
339
962
3022
624
2282
774
1334
271
499
3586
613
1100
674
415
580
3712
771
437
1182
628
397
847
1368
724
3193
682
369
1172
2508
699
1345
345
1548
1668
1586
4205
325
1130
850
1597
1679
488
371
7679
4137
579
1166
1554
416
827
1979
1227
3697
547
1352
2944
1174
2050
2497
713
600
2881
5392
523
1011
638
292
395
1319
831
279
2062
328
3634
269
2307
1326
609
607
1289
884
1047
2021
420
1661
4246
1413
2519
5587
819
2973
1959
565
571
342
4099
6221
1107
883
6176
5097
5235
460
577
966
3031
1707
1710
1604
305
509
1707
577
3731
243
410
620
452
4888
530
502
652
2532
1730
1868
484
564
5316
771
4580
2798
486
1227
1157
152
2596
3864
1644
1537
855
667
1291
1516
661
1157
379
512
560
1084
1704
320
2579
1908
2782
497
993
320
439
462
1155
3934
1998
626
1361
255
727
1455
4441
546
1156
980
2869
1166
643
557
5447
855
5700
358
278
540
768
5340
877
422
379
2517
1015
963
579
379
474
458
565
368
887
418
1281
2760
505
890
477
1043
2580
497
4501
1306
331
730
594
833
312
1759
557
3274
720
325
447
340
347
511
3448
860
4021
2323
643
327
1861
886
598
1203
1010
300
1507
696
1921
619
1454
1182
474
460
410
432
1009
2534
532
1094
2430
3477
2544
4123
459
1815
1062
749
5230
468
641
225
352
3546
405
405
307
419
1252
317
777
243
2796
1728
1280
1323
3063
1853
480
687
3766
455
534
870
657
2309
2521
1270
525
1620
388
1358
4841
443
4595
360
596
373
459
506
362
871
1838
5028
3124
2473
3277
1292
2411
3965
1431
906
650
2532
2155
1081
676
1790
1099
2060
1517
721
256
2991
2895
1034
595
913
539
3967
1112
3650
500
6410
6422
790
2709
759
1363
297
563
1751
2889
475
491
482
396
443
1306
563
426
1474
1757
1444
449
814
1845
464
996
430
2977
1949
550
2409
1290
599
394
1376
935
694
984
629
696
2606
929
1455
1505
2112
2410
799
2935
678
1275
3367
517
1822
813
3477
2416
1324
1481
869
722
949
1087
515
591
1373
916
4407
710
1185
1642
2789
2212
691
1080
518
1363
2514
383
4426
555
3891
1760
776
620
473
1394
527
378
1001
3630
1544
791
1245
1437
380
311
517
1543
935
2596
560
1212
2584
836
1231
1304
365
571
1488
595
1693
1700
1224
368
475
536
377
232
674
1544
1619
822
460
852
598
1299
344
582
588
1707
1102
1247
458
466
469
2332
1200
1823
2055
1930
2040
224
617
292
273
801
520
384
530
1216
949
780
785
1098
772
597
428
1853
958
1273
498
862
317
467
1283
716
272
501
695
344
669
597
1487
633
532
1068
354
663
609
1123
565
642
483
606
580
827
258
751
803
332
776
1074
468
536
473
481
277
807
578
598
384
626
536
662
388
409
433
335
321
625
2502
1369
540
1014
2955
1642
563
1527
1090
716
1583
7385
225
1183
2246
1180
1478
1336
2030
960
1158
648
16839
1230
2555
1300
1145
1004
1153
3191
1246
1745
1384
579
5525
1624
5890
1389
1045
819
686
842
2462
1669
465
1369
3470
2094
420
3146
918
3200
201
1854
1251
1110
740
2371
273
8098
3344
1283
2039
2074
1287
889
433
1397
479
1512
798
531
1572
309
981
3876
377
1314
1430
2816
643
334
538
448
1822
598
1581
529
665
592
792
1132
390
2661
2134
1992
937
1944
2554
1519
8602
1821
1281
705
737
1742
420
708
355
1461
1341
248
1033
2871
782
347
1204
2974
533
979
749
1351
2127
687
1252
2314
1874
479
1231
484
439
1580
808
1788
3917
411
9778
596
606
499
360
1344
475
2489
508
274
285
1723
1350
504
2725
395
3023
244
711
576
2892
2583
2659
4389
1312
2814
4395
527
625
697
1133
375
594
298
499
1120
560
446
2602
1450
453
420
1814
2795
906
1129
972
598
1163
1558
772
305
5892
985
390
1743
1926
379
470
1199
1076
4222
927
956
527
2350
3107
4242
1718
555
1414
494
2170
816
961
2382
665
1495
573
844
5543
3249
519
1583
496
581
738
190
526
3666
353
593
903
992
1716
356
767
481
285
6873
1332
790
1065
290
806
716
952
1164
1761
406
1305
445
1982
2141
1296
1099
1702
2246
3247
1123
1657
3149
512
136
645
2293
603
864
1760
2584
2066
1469
391
813
2601
716
2554
228
784
368
913
857
358
309
438
582
461
244
293
667
2991
836
397
969
1889
348
3931
1356
402
305
439
6824
1825
1646
774
5929
3680
3556
1346
1991
526
709
1770
1365
2261
1257
3946
1416
331
666
452
651
3991
469
3560
565
7223
426
2463
2290
571
701
205
675
1581
339
2094
4548
3539
467
1018
824
898
4781
370
1802
5120
436
999
419
1359
272
431
476
1565
1921
2491
823
6040
3562
1254
241
408
7597
477
961
1200
3831
2594
847
579
255
492
466
2282
661
2072
402
1225
3005
1518
239
1028
323
1733
1813
2275
452
1224
346
1247
986
602
589
928
1034
668
598
1092
710
1757
3597
943
1333
1501
423
6667
955
751
5221
339
344
1424
326
585
1009
371
242
874
1441
862
602
245
512
2241
374
522
746
438
291
314
4239
607
4149
762
2569
669
574
385
496
482
638
646
1049
803
1316
1755
455
400
1230
329
525
272
11445
463
1011
589
2029
387
437
1177
1613
323
468
1259
939
1520
815
881
369
417
1189
219
255
274
3584
1827
329
2614
1527
558
391
296
300
360
5996
532
398
5631
634
778
310
1438
559
4991
233
428
788
781
731
1259
1155
2728
1171
4747
502
973
918
1178
534
1642
389
2412
1769
1947
315
1707
502
286
6501
746
1064
2387
2554
1523
1195
585
2316
1530
1085
1921
1398
604
987
1639
2495
3095
811
363
2076
4533
907
249
1506
239
423
1260
890
772
2260
1042
2818
306
1253
2687
1809
1895
1789
2904
1005
282
1786
1292
477
792
1295
1752
1231
1275
1351
396
6125
597
519
388
2522
1182
418
2017
286
602
1431
616
665
2298
1027
1255
1119
2086
615
372
708
3521
660
790
385
2955
345
772
383
3179
597
726
628
1849
560
2332
1304
2226
3969
7062
1691
1831
255
3260
320
3268
427
379
618
494
576
3489
449
1878
840
320
988
1002
361
331
1085
1404
1284
2782
564
1619
322
2282
1183
325
4040
899
405
246
756
643
1129
1205
1585
893
1299
3340
442
2203
3805
5261
1223
2827
1736
1291
574
2659
2499
2508
2168
2946
3492
885
2080
333
623
1575
306
1115
805
1432
372
3150
3132
2140
400
4248
581
538
359
490
1382
2132
650
652
3364
5788
2203
1583
1264
952
1128
1198
967
298
2210
1357
1219
707
2739
1027
901
1187
2985
397
531
444
298
442
659
2355
1105
736
370
1192
551
3511
1709
1458
591
2032
1060
1050
247
450
5694
3388
7574
310
444
1606
4299
1000
1089
1580
820
1052
697
2351
764
1970
2063
1638
1663
6109
754
673
723
1791
1962
2009
3453
1133
640
840
735
491
4818
1932
2034
493
5682
3986
2716
3050
552
923
2346
1019
1264
2376
3129
2280
703
6105
1409
4771
4494
1389
693
1196
9341
352
1377
2040
3366
1055
1710
883
4864
2543
834
1199
614
288
1220
1406
1382
1535
5516
2498
933
2093
2122
2688
1252
4263
964
1542
2248
1037
2790
2053
319
896
554
2001
481
540
495
2212
968
726
739
2259
505
3184
811
3388
604
577
542
3005
274
3117
387
485
3017
374
744
422
5074
3148
290
471
557
464
725
537
661
618
422
5126
340
1633
359
2157
4039
1641
400
565
838
2541
1240
1242
747
399
5912
8231
1935
1388
1379
524
3910
2610
2264
5004
635
447
1646
1880
4907
1785
1122
1294
3979
1013
928
326
312
348
1674
536
2176
2177
549
628
930
713
655
366
6656
1436
514
1261
4307
2063
726
992
1811
636
505
3277
2356
325
234
2523
498
883
1463
363
4312
265
438
695
941
645
1250
325
1044
1983
2075
3589
734
473
1824
284
407
434
315
734
902
2222
786
473
5035
3033
864
1794
6486
1905
1700
924
386
852
705
1319
777
2702
1296
419
566
524
1013
4607
777
4698
715
4170
824
1783
640
2951
1274
463
562
3106
1795
1311
730
374
619
408
1285
354
928
1015
414
707
562
952
407
507
610
382
3368
1495
649
1888
527
3662
1828
3155
2227
438
708
485
2107
486
272
572
579
1092
1714
1332
787
508
1328
3424
669
339
766
1229
845
496
470
4264
1666
766
345
591
2663
534
1668
2258
503
1341
713
2057
3676
5426
878
4829
1190
297
4461
2992
1030
2708
1022
1098
2715
745
1588
3497
310
401
338
1251
1003
430
378
291
626
736
3195
3377
1760
2853
1989
3760
6598
248
977
541
835
684
2509
1359
327
490
5841
4532
1797
2708
712
5408
3911
1149
5340
3541
3614
1223
2915
487
789
447
835
1732
656
1226
1096
1156
1029
3331
1135
506
4113
536
1011
190
366
3147
758
284
1749
1029
1621
950
1209
661
1356
2154
433
3301
614
1329
2203
705
441
785
1090
1249
1483
266
385
1123
2108
721
766
2289
1524
284
605
3312
396
878
2250
1932
2220
606
840
621
1389
1559
602
3192
1500
2330
1886
2012
725
966
745
380
1052
335
543
776
1243
1203
1017
471
775
762
504
422
2167
926
1638
1370
375
416
568
776
1445
549
1979
1944
1039
678
370
1842
2712
2691
1709
4740
2819
2400
2505
2415
302
449
578
4915
1496
1338
3615
1824
1035
3537
535
425
2179
950
3351
661
714
1152
1362
344
1084
1392
1223
686
1964
1649
468
1641
330
3020
2468
761
2179
322
790
3345
597
4077
1711
1507
402
508
767
633
788
661
309
502
1160
270
1197
5143
668
1914
376
784
1112
1915
1547
1824
782
541
1033
330
735
481
783
277
852
270
808
229
1024
416
2425
942
566
585
1502
745
927
451
1159
1190
731
1829
612
2263
2106
1052
519
308
2067
675
2105
516
525
765
352
1627
1371
1623
444
1742
935
716
483
1125
1015
1112
484
821
424
2966
340
1024
2137
723
346
1659
798
1345
1242
399
852
403
1491
2355
2631
399
525
1259
1565
628
785
508
893
1522
333
647
587
372
320
987
1822
801
1170
872
622
253
648
951
306
997
1119
557
207
282
585
248
796
257
473
760
176
1077
233
333
1137
779
514
450
318
242
419
327
255
237
338
278
1433
387
382
593
623
700
652
1109
498
2828
2099
1749
1173
664
701
1370
1416
722
3506
3354
3309
512
315
4410
704
764
883
351
946
2294
2151
667
352
946
281
2519
331
1297
441
1280
437
284
460
362
5583
676
3178
2068
2235
707
727
630
501
1066
1713
425
1209
297
1786
1081
1075
1139
432
752
659
1046
1088
1581
269
3479
2311
2025
497
1894
1988
361
1445
1748
2315
1381
874
690
380
366
1778
2040
1747
425
1709
835
5898
365
335
546
1845
1137
2763
2991
287
6636
1192
3180
495
1472
1156
409
640
1405
643
533
500
796
315
239
338
1349
1127
1037
732
5807
2114
999
811
1232
341
984
560
887
822
3849
347
4902
3919
2128
2193
4619
2207
2913
5512
1331
2808
587
5072
1214
1247
2039
2704
2830
980
2359
942
1170
603
3016
359
401
636
574
1625
899
892
6080
4523
1566
495
773
5293
968
1597
831
480
4277
406
553
1628
1255
1665
3656
1048
405
449
2278
711
5065
2383
2447
2060
967
619
576
1431
1049
4899
1323
749
2377
814
244
291
4797
766
472
474
772
1590
1060
298
1347
642
747
936
665
1955
560
674
897
1707
1293
2129
2313
1198
589
3444
454
754
1166
797
1052
1858
1195
2325
4675
3721
1426
1234
865
2658
2487
910
1103
2618
350
951
902
2145
1723
622
1500
1236
698
1330
719
765
795
644
1240
760
534
2570
929
417
1496
2697
3686
807
1261
524
290
739
380
1337
730
353
1177
463
1528
383
750
405
392
218
544
339
836
294
2061
251
280
516
916
484
476
1858
1304
901
618
688
1070
835
241
1913
1213
2154
1014
495
2884
1181
745
512
877
523
900
327
746
330
354
707
425
533
2506
3053
3075
900
2303
699
1575
2512
2739
4273
6197
2054
1009
1945
3612
610
886
732
2174
607
1282
279
363
746
753
1793
3159
3035
647
1475
2723
379
287
1717
538
984
3113
1518
1514
710
343
926
2828
1872
1284
2428
1137
857
3358
486
495
311
2216
229
1241
721
840
1955
1224
199
358
623
1012
3009
2131
1534
931
826
1716
1334
1767
460
624
1743
790
769
3169
2619
1366
2875
715
426
396
2016
1636
459
2520
442
1345
247
4166
1033
1379
682
1138
293
492
2253
267
2005
1407
307
879
419
497
2368
1638
505
594
3654
712
702
648
453
3730
311
564
721
277
1375
1099
2012
497
476
525
943
1464
781
290
248
655
239
2689
3151
1058
1172
2034
1277
442
1942
859
364
323
829
684
1059
1332
967
324
323
1048
559
1026
1198
250
384
2675
2002
1195
694
1453
362
1123
723
2301
910
1289
511
762
1575
2043
281
665
865
669
4000
716
324
325
639
303
671
292
3525
1166
680
454
357
1000
1678
1773
768
1347
1098
455
1185
386
1176
715
385
871
357
1275
596
451
616
4221
1188
359
453
1447
1875
875
646
777
442
158
1170
1176
799
1957
2220
1112
1954
1362
867
390
1288
3959
726
306
364
2858
2702
514
1425
393
487
1393
1019
343
621
515
1083
1177
2395
793
1582
1417
2309
950
435
1163
625
523
1524
360
2190
295
2126
3879
1623
821
341
854
1140
964
1860
770
585
1633
2197
949
504
982
4178
1785
549
1232
405
3940
4457
1183
1377
1372
847
3126
842
1985
650
381
554
2465
583
433
1818
383
3473
3684
651
2688
1167
372
474
687
1402
827
546
186
329
1664
1551
676
238
457
221
1356
1564
400
414
3893
272
1347
3004
315
551
836
975
343
382
399
2198
1497
484
1641
972
1584
326
1103
285
1171
496
2167
3126
613
873
1643
294
1649
2899
277
516
949
1102
965
871
632
405
470
1330
381
1486
805
1148
329
1332
1138
305
253
305
1016
390
2749
421
827
795
724
919
2880
1612
532
467
1554
1285
2478
578
477
839
787
485
4279
1578
444
1663
2038
1076
1474
315
468
554
251
415
225
879
664
1219
384
3336
1404
290
669
1057
674
398
1636
1178
1847
368
1788
1043
1076
764
368
2124
1517
687
1714
858
3690
1852
622
1318
3097
707
275
266
669
461
1216
776
278
300
2494
1240
2152
289
495
877
1038
279
888
239
1107
786
1820
1385
3360
1037
560
1583
281
1483
434
529
1099
1725
551
365
2391
336
348
1319
1390
786
1998
1110
389
658
839
271
341
568
314
264
1069
1736
453
3711
1261
287
2589
1848
336
705
969
823
2433
4896
1016
560
1772
864
215
2547
1055
879
354
530
692
1014
1682
304
753
695
329
388
2281
367
1936
945
493
1330
701
236
559
269
573
285
206
1374
2226
1254
2224
342
1173
1901
1576
295
1173
1226
1016
1915
1206
492
820
410
1867
750
1779
958
653
453
387
239
1183
621
1983
1342
925
578
441
1267
636
545
335
500
655
794
193
870
478
445
350
345
466
2687
256
376
234
