177
241
161
76
108
194
331
326
441
249
887
602
296
73
161
526
166
510
325
1410
996
390
214
84
225
135
397
346
295
415
933
189
583
376
312
1017
1253
384
54
232
692
188
89
131
135
1269
1333
99
684
833
812
112
422
251
493
1296
95
831
466
282
488
197
451
146
126
289
260
125
307
223
210
446
358
189
95
724
59
379
773
181
2199
251
1459
160
466
278
915
1595
241
2247
221
691
99
609
436
263
785
311
121
531
435
773
162
401
194
2059
521
169
174
318
75
275
195
281
205
64
893
141
198
516
80
755
186
418
191
647
754
597
175
592
252
104
495
63
371
326
316
273
231
211
82
196
200
162
75
69
65
1906
1173
340
1413
123
105
1118
193
246
1606
246
176
520
2211
152
229
136
129
1484
1487
766
212
1194
355
936
496
418
454
84
449
524
315
769
74
1605
546
1091
1196
798
1164
111
1177
751
778
406
1157
1116
123
1039
847
152
811
727
740
556
502
125
400
297
113
340
345
343
347
341
335
249
199
130
104
96
68
180
67
367
581
351
149
342
361
576
189
104
130
1104
298
247
484
110
102
102
86
526
441
639
680
1424
361
106
646
444
397
817
1730
161
1010
896
210
529
337
122
240
261
75
1183
209
260
184
601
1104
1022
961
100
278
865
206
87
781
791
749
316
668
600
589
590
579
579
493
318
480
467
368
362
345
310
253
229
198
84
88
79
69
1125
914
308
128
120
174
355
179
749
175
1010
420
154
616
323
510
195
98
88
1247
163
414
859
336
600
447
256
312
195
139
106
177
197
422
145
162
298
166
423
302
197
460
282
232
404
357
675
1290
508
614
226
1924
386
440
526
494
242
245
637
337
261
239
464
386
509
365
2690
1523
247
1045
213
486
106
786
313
940
113
503
931
316
1855
248
337
283
123
431
230
450
230
252
134
1566
604
250
1644
884
101
499
733
75
598
550
533
234
504
292
88
265
273
249
253
190
149
146
102
289
1179
1209
1751
691
88
337
373
337
233
549
1200
2199
1176
1784
454
150
114
63
834
584
1253
618
220
580
275
213
441
277
845
1188
1552
450
1366
304
735
543
236
456
407
636
103
1048
373
805
194
81
73
904
237
339
340
352
330
341
748
489
508
56
236
315
163
102
201
648
341
71
119
579
662
504
56
146
72
242
570
806
238
434
479
561
230
125
1554
500
2510
550
2051
170
1926
60
1733
601
334
370
917
1251
1135
968
864
404
756
644
132
441
324
237
285
224
168
133
129
113
83
116
136
655
216
52
646
226
385
1525
195
400
553
478
184
165
171
168
163
169
173
351
761
1404
1327
238
102
307
172
339
324
586
351
786
893
146
573
2983
293
951
1097
868
228
132
547
818
716
182
372
190
1226
802
428
413
378
358
572
342
395
808
903
1953
493
2967
244
274
200
102
515
1253
736
1012
1211
233
1768
152
1603
449
303
267
157
1467
1253
431
646
64
58
1343
1243
636
453
1072
1229
1210
415
118
1052
958
370
969
357
937
525
213
165
196
849
326
116
762
457
742
722
709
634
686
640
651
667
659
160
64
610
560
386
559
418
401
403
395
360
318
346
341
332
329
226
268
213
251
220
224
205
228
210
204
158
158
148
117
116
86
329
422
113
708
926
344
262
129
438
808
236
355
234
847
1782
527
1214
181
77
988
1041
461
798
552
502
418
518
1424
614
521
78
515
192
105
467
441
566
222
492
879
164
193
1749
374
453
545
450
1237
341
169
303
488
461
163
399
335
80
375
869
1923
240
197
548
351
204
252
973
124
443
233
686
844
272
515
468
117
94
172
93
382
388
130
292
522
158
210
337
382
738
184
255
234
661
130
254
1589
680
420
225
475
408
534
293
1841
216
79
637
516
237
222
323
723
193
449
81
1003
1386
146
262
346
428
109
1040
334
636
736
234
701
377
241
206
888
653
873
377
871
242
580
721
384
1241
302
732
356
1763
803
590
173
169
653
675
155
269
894
105
686
423
1497
1064
270
1171
164
359
283
702
230
76
270
361
1108
112
1753
1602
976
528
236
1019
815
654
1021
490
142
676
203
119
1662
2513
1818
739
2466
277
1041
545
285
420
950
256
444
216
205
460
1795
307
147
1895
653
100
482
128
374
351
238
1831
1382
432
134
1754
1668
320
1679
1656
1626
73
130
261
564
920
581
1499
402
324
472
383
1350
643
685
728
421
900
403
402
840
692
907
847
162
543
254
114
715
689
73
646
535
634
622
610
523
536
518
162
523
212
483
464
461
457
88
428
423
420
209
363
105
336
324
314
306
276
124
263
262
248
247
243
218
100
196
208
199
175
170
160
148
134
128
129
126
101
101
80
75
64
387
393
404
235
102
323
539
1175
330
996
242
288
382
168
608
512
558
1097
78
75
77
223
920
92
110
56
226
224
456
306
83
243
380
320
81
449
448
199
92
568
106
118
808
709
427
748
271
832
879
354
300
445
414
369
152
158
965
489
1160
416
177
190
48
380
2608
486
2599
371
620
158
366
240
194
385
232
424
454
252
237
382
257
271
208
220
362
297
621
1207
392
659
428
570
141
92
1608
1144
484
656
470
191
459
144
191
157
176
795
488
65
424
221
1234
490
84
575
431
790
452
210
635
249
408
288
355
586
235
170
251
165
506
362
378
133
645
156
752
240
80
353
262
1037
165
75
1004
879
258
67
363
846
829
838
466
852
375
77
504
279
258
209
88
85
1108
275
225
635
1029
250
287
72
165
998
964
614
312
249
198
92
969
245
518
205
192
455
250
548
201
392
468
225
801
1321
460
634
242
110
540
244
639
560
257
1197
256
410
773
437
272
235
172
433
171
1667
825
583
545
142
215
434
808
471
107
486
469
232
129
1216
96
1012
567
741
319
45
762
373
362
267
555
393
64
680
139
660
347
177
1697
1312
263
953
821
892
706
1849
813
575
622
191
1146
821
347
195
412
174
842
94
811
558
229
373
344
76
123
101
177
459
467
476
491
157
339
3094
705
308
314
133
830
364
361
1059
228
158
847
333
185
188
190
591
481
130
1099
1033
217
232
265
138
507
132
185
1075
106
1071
153
186
350
520
258
965
189
260
985
869
118
450
861
152
270
789
673
674
659
607
258
615
601
594
569
480
410
457
387
254
317
280
275
275
246
195
86
171
161
144
131
138
136
122
110
115
99
93
57
86
195
453
62
341
400
396
357
317
75
86
201
947
653
626
1482
534
161
251
600
270
227
220
217
383
285
124
483
47
225
759
716
1393
292
820
689
770
203
1260
76
728
126
134
269
1307
90
310
440
266
246
1064
452
440
317
134
588
694
129
1524
534
86
2027
1198
90
321
258
649
187
921
134
90
1434
1970
125
768
133
149
566
753
1033
798
732
67
262
314
149
417
957
445
362
329
135
225
232
1469
74
133
477
1162
116
1620
221
346
916
1003
343
790
95
371
1336
341
1101
140
1210
250
141
463
195
202
237
174
794
1150
763
337
197
664
648
2556
188
667
354
422
495
1595
430
139
142
666
156
588
328
754
44
688
300
116
1912
1572
201
953
1025
507
129
3099
1513
454
1218
119
1088
612
1338
129
133
133
337
115
240
91
361
171
2413
814
146
159
242
547
498
84
202
712
1568
642
71
470
755
145
919
673
101
454
497
631
280
516
626
282
670
207
1093
1852
319
115
388
598
769
131
82
769
1110
877
72
348
199
813
81
95
144
517
557
792
131
786
229
336
1369
1206
819
749
335
452
537
392
1181
154
1214
1533
129
164
101
111
265
283
134
1315
93
339
129
788
272
158
212
619
1192
654
831
109
412
740
239
1166
1226
101
352
250
342
351
667
125
204
491
3180
436
520
3252
95
86
200
483
765
276
1058
727
908
322
353
368
875
160
463
823
323
421
1498
600
122
597
541
303
847
3900
1040
1580
336
350
363
1922
1015
537
779
631
611
210
424
715
288
152
826
912
793
654
551
74
107
292
975
1840
157
71
540
535
1045
624
405
177
157
105
557
198
491
430
589
218
181
159
183
159
2099
585
432
79
275
65
213
410
623
161
1075
354
157
163
193
96
112
473
707
116
405
493
110
104
461
146
1069
543
553
192
717
300
341
1053
281
213
52
324
68
80
325
2162
166
802
211
185
64
58
421
296
290
428
194
908
131
85
358
138
1822
585
315
227
340
77
305
459
90
2364
369
430
893
101
318
410
716
1977
119
419
252
253
156
1925
315
283
133
111
942
526
906
427
657
1055
764
214
130
1877
277
250
372
1742
304
114
129
359
147
286
276
191
325
331
331
615
250
139
137
200
784
231
249
384
381
1134
717
333
202
1282
89
517
560
361
1343
85
334
326
1967
288
320
408
753
619
1841
496
468
376
188
74
225
143
2036
245
289
127
1193
560
557
292
140
132
191
52
310
1926
1765
230
430
1128
618
460
915
320
746
291
1519
389
140
161
333
1611
768
83
276
304
552
686
98
53
232
531
258
1263
1652
159
108
1461
844
940
629
169
330
1535
249
542
1461
1269
161
1486
146
897
1409
764
154
888
1308
174
116
708
1249
1258
412
1307
772
168
804
268
985
149
950
433
812
1258
613
137
1229
823
747
257
199
327
727
811
579
1289
426
1083
137
388
542
235
1148
965
1141
1147
339
1122
1094
554
1112
1065
139
602
1025
655
1054
335
626
1032
635
1014
1028
113
1024
227
71
986
582
974
968
351
774
96
182
513
926
714
302
425
175
934
244
105
404
417
564
906
768
391
896
900
222
550
821
859
831
860
847
284
833
291
419
797
797
120
797
782
774
793
811
795
798
268
768
205
774
773
762
504
749
733
349
712
724
552
717
310
701
299
695
678
616
649
658
402
660
663
342
521
196
654
643
206
193
213
631
622
302
581
595
208
595
575
548
235
546
561
523
477
538
511
526
379
495
485
191
499
485
477
491
87
464
480
209
125
365
83
464
411
103
123
430
436
425
427
444
430
203
258
424
404
414
290
374
384
411
198
396
245
396
397
379
335
384
342
228
349
368
358
370
371
46
352
333
315
303
299
308
291
282
284
276
276
283
270
271
273
264
259
265
273
260
259
226
168
232
226
238
211
222
223
164
211
224
186
217
212
193
213
206
195
191
190
180
173
171
160
151
157
158
102
151
144
142
144
138
135
117
109
87
97
100
103
94
98
97
91
80
79
87
85
86
71
74
59
60
48
46
88
195
235
533
510
592
363
277
481
306
200
139
193
140
296
170
148
322
350
119
108
413
307
231
384
190
165
1329
664
1045
351
312
281
153
438
183
276
239
185
179
250
139
258
683
261
826
802
1293
1484
252
463
940
311
149
295
453
974
965
79
1322
584
390
70
91
104
342
1764
866
346
1315
809
108
403
330
178
335
173
298
411
715
282
278
297
151
697
3585
115
347
194
1058
91
141
473
109
409
265
469
288
312
260
471
416
1409
835
1012
672
150
594
472
497
264
197
203
295
707
2301
134
193
390
168
334
4905
175
968
140
127
621
444
514
1280
814
254
604
612
254
159
2594
1023
342
220
221
257
710
618
401
551
555
123
978
230
358
1062
94
770
834
80
1172
354
710
1200
87
1207
293
351
752
1011
247
276
116
208
428
214
206
292
281
979
206
286
566
747
146
194
573
1055
95
837
579
66
764
811
1822
259
243
200
83
1179
1680
313
65
119
423
812
1238
341
314
478
201
601
211
410
635
228
271
286
239
188
654
1569
215
1288
349
64
100
96
223
129
657
95
67
1133
120
2878
910
961
93
305
464
178
579
259
99
313
229
2050
893
1794
1659
179
125
372
1046
309
2665
945
316
598
284
145
493
692
494
453
320
311
303
407
822
861
848
189
1351
84
1580
678
630
510
85
1734
134
356
340
137
1438
268
229
513
146
1543
319
52
2138
134
319
152
103
1368
1606
83
602
131
145
505
121
930
1484
1744
186
460
312
267
222
755
111
1296
145
725
543
845
2898
116
240
483
2778
856
406
185
632
1081
271
106
2846
155
219
1066
417
810
1938
428
464
145
1128
1199
873
199
474
131
373
512
245
152
258
267
418
368
1001
90
141
1722
760
201
144
366
423
1156
105
236
391
376
856
369
503
106
420
1304
209
134
830
164
252
448
418
103
581
180
457
146
188
199
227
138
114
174
240
787
732
658
633
648
709
489
91
392
309
2251
1368
151
865
96
709
883
403
401
1505
654
319
1245
270
373
1382
1575
130
213
521
125
578
389
65
653
1102
1196
146
1066
4314
660
421
1106
759
213
402
432
625
136
457
109
111
411
918
296
215
159
271
441
339
333
387
1021
1288
1344
738
241
776
358
254
332
71
966
603
1174
1195
1073
290
137
804
1002
2330
2848
959
108
207
1057
1744
1654
63
755
669
226
428
140
929
382
252
1785
455
225
466
1928
1633
153
93
187
245
114
215
436
252
193
274
648
179
315
115
104
74
247
810
189
626
184
756
212
232
258
187
242
732
187
126
182
488
431
419
480
399
788
1016
455
566
260
272
220
349
966
127
235
1423
771
592
288
1591
349
187
255
69
311
369
260
231
164
102
1880
728
425
771
365
1097
284
915
663
387
430
100
171
556
948
1067
310
1035
53
113
1040
997
236
672
1426
336
123
186
672
97
904
50
102
965
372
416
435
805
356
580
786
916
631
146
222
418
586
212
1313
774
399
176
356
2547
897
135
207
135
115
758
344
230
496
1481
353
272
678
742
249
104
302
281
279
179
419
695
112
76
361
577
216
1387
147
245
210
177
857
413
176
651
678
645
666
154
296
369
733
360
1217
523
169
265
266
239
923
419
441
142
1013
2080
374
68
919
2401
452
435
85
158
325
215
146
713
262
631
110
1143
103
102
608
961
1376
233
181
155
840
599
164
1465
910
305
1026
712
1161
2082
322
335
287
354
942
186
212
1140
743
70
208
636
1658
111
440
128
1022
163
130
243
370
357
85
1196
195
193
910
430
341
509
321
735
472
425
358
549
103
174
2070
354
705
176
456
304
133
827
1318
291
463
217
510
181
148
167
591
180
479
167
139
270
409
2227
204
620
354
91
154
1333
351
433
421
122
759
1041
400
145
143
344
101
277
602
146
185
417
681
705
287
407
626
221
87
112
428
397
115
170
457
145
1425
536
580
875
102
99
124
1196
99
206
220
101
89
166
151
406
340
375
326
360
483
202
265
525
199
258
364
296
224
218
194
147
1579
300
178
784
432
339
215
112
232
136
801
382
236
73
2395
609
494
753
129
424
168
707
2164
1331
2209
1744
989
519
174
287
1312
190
610
551
318
1345
535
530
220
1167
236
447
912
1262
120
2004
342
355
1395
1152
413
260
191
838
238
753
180
114
1019
335
103
267
974
226
123
435
546
1441
571
299
1321
152
1456
214
397
199
789
1363
92
394
290
1528
519
646
1485
334
268
738
121
958
1327
117
243
89
120
1332
82
1304
272
1183
912
999
160
1048
117
269
664
89
1140
135
1116
229
106
59
451
757
1061
390
683
166
948
968
199
952
121
934
949
443
836
894
319
776
887
289
858
844
838
386
359
828
800
280
627
203
801
832
541
803
722
779
404
65
702
482
758
172
150
357
281
742
732
608
369
682
109
100
695
649
698
109
317
660
340
653
652
617
641
74
638
617
257
597
379
586
581
542
524
487
497
272
488
487
208
487
493
467
266
478
161
472
494
431
223
461
445
442
393
449
423
311
109
377
384
381
375
353
344
355
230
316
300
211
321
305
311
308
47
301
276
286
287
265
257
274
270
268
255
257
227
232
234
229
228
221
223
225
218
135
210
199
196
203
204
203
191
194
182
187
190
182
160
163
146
123
107
97
56
374
133
152
208
393
178
156
186
87
312
372
298
426
411
251
292
120
1430
300
1878
1617
877
124
2059
503
444
225
1274
314
111
584
574
334
567
259
568
580
287
587
551
573
547
564
557
572
577
454
304
423
552
567
578
581
564
563
308
561
568
260
535
481
559
229
544
561
567
583
451
476
465
477
409
366
362
294
312
310
261
265
189
170
140
82
310
345
88
814
210
1284
387
270
258
210
730
323
268
726
447
700
723
717
346
263
602
697
863
545
392
206
651
187
386
150
481
171
504
457
492
527
488
530
501
500
482
472
497
496
482
489
481
496
487
498
78
86
449
496
480
494
366
467
181
264
193
115
351
194
244
211
201
72
663
104
1131
212
211
79
519
328
394
175
187
179
166
90
178
181
144
167
105
174
179
181
179
174
128
179
177
175
189
178
179
181
178
170
156
171
167
179
108
178
175
181
173
114
175
177
172
96
160
165
147
141
139
127
386
409
1031
691
687
847
495
478
397
297
1257
1018
1063
796
915
1925
105
461
301
871
179
1950
111
240
123
339
254
254
1037
121
1384
219
743
1197
629
217
292
1295
248
571
336
1433
755
152
123
476
960
300
858
111
234
563
206
529
127
861
1075
94
345
320
1439
122
64
506
233
291
189
299
187
145
153
1274
570
131
397
1983
115
215
150
256
110
724
1393
219
157
1816
422
845
512
1424
562
97
242
194
675
1281
346
195
1197
569
604
250
1045
151
990
625
283
562
220
88
200
310
250
232
527
666
797
756
709
167
642
637
204
586
584
92
89
376
99
572
530
405
513
469
116
441
411
399
164
288
188
256
240
214
206
181
161
146
125
82
80
449
791
573
307
668
622
428
369
426
100
345
101
469
672
1461
241
327
391
184
295
207
1576
135
586
131
898
451
273
152
468
360
143
305
936
693
144
472
282
619
476
801
398
479
701
361
265
188
180
178
217
98
198
773
394
272
239
87
690
258
99
82
917
143
720
163
1395
124
108
263
278
788
921
126
108
340
272
160
285
350
215
123
348
389
66
288
101
263
59
180
729
134
251
202
186
339
127
205
522
158
246
137
51
125
208
129
118
470
1444
51
1027
764
56
267
1069
146
102
431
532
247
494
97
217
417
822
436
221
60
317
359
461
106
948
531
255
714
408
682
202
71
497
207
157
78
340
183
331
409
202
126
293
312
510
96
249
289
138
793
207
63
85
100
219
127
126
400
237
1040
657
391
283
539
257
430
312
188
230
294
90
128
720
148
107
90
495
50
1184
264
243
72
184
381
315
690
720
668
166
113
523
247
328
340
426
222
261
269
573
473
116
423
710
1731
49
293
751
741
404
447
288
253
463
591
167
218
230
219
593
676
94
273
296
114
98
257
218
501
220
167
186
217
535
340
484
813
759
241
379
55
316
190
534
373
132
471
116
75
263
63
124
325
146
200
1233
744
195
638
143
247
66
143
137
559
113
142
126
685
248
554
167
936
112
303
345
591
143
183
70
231
111
1592
98
143
364
307
154
499
244
392
1524
280
101
457
1524
227
174
462
82
49
256
214
204
626
547
208
569
310
650
134
310
218
523
498
491
412
58
177
255
131
112
583
306
193
376
409
250
136
441
246
261
231
243
523
271
158
1160
350
655
288
184
230
246
462
590
167
1043
334
89
338
157
179
135
174
393
278
502
154
96
83
526
150
909
205
310
426
122
117
220
200
903
111
1027
277
226
212
955
231
158
321
909
90
278
97
266
726
1438
67
340
593
165
81
566
86
411
448
350
748
249
884
350
77
660
143
225
1279
187
249
1068
58
326
720
119
897
330
558
485
101
815
480
255
713
704
148
698
132
158
361
85
311
207
192
514
437
442
445
421
391
382
382
377
367
81
246
342
315
322
321
292
286
283
286
249
248
212
176
95
100
